1.122590937447561004e+02 -6.096666623427214273e-05 2.032239608730516936e-05 -6.096666623427214273e-05 1.122935131095996439e+02 -3.082233674488861941e-13 2.032239608730516936e-05 -3.082233674488861941e-13 1.131477514808635902e+02
1.123613424914788652e+02 -7.009872024275404234e-02 4.825078735958088783e-01 -7.009872024275405622e-02 1.122291046643914001e+02 -1.696513698548681726e-01 4.825078735958088783e-01 -1.696513698548681726e-01 1.130587800307933719e+02
1.125177030053767879e+02 -1.227743729706662207e-01 9.642638189017348482e-01 -1.227743729706662207e-01 1.122490070658907371e+02 -3.152139262028463840e-01 9.642638189017348482e-01 -3.152139262028463840e-01 1.130715018507440419e+02
1.126593365563233249e+02 -1.728148882128862085e-01 1.428176700829724588e+00 -1.728148882128861807e-01 1.122625146866746775e+02 -4.352786493226656339e-01 1.428176700829724588e+00 -4.352786493226656339e-01 1.130981309637504353e+02
1.127766306508823391e+02 -2.230857234433354097e-01 1.856356037154385241e+00 -2.230857234433354097e-01 1.122846999705948576e+02 -4.992874293597086566e-01 1.856356037154385241e+00 -4.992874293597086566e-01 1.131218471999843302e+02
1.442713784849302101e+02 -2.648268904849402916e-01 8.210402478863136011e+00 -2.648268904849402916e-01 1.166419709488160095e+02 9.807874920777759797e+00 8.210402478863136011e+00 9.807874920777759797e+00 1.318002182191104339e+02
1.439656073915336094e+02 -1.008428171972823584e-01 7.893004675985286767e+00 -1.008428171972823584e-01 1.167353322893545453e+02 9.452026740541191074e+00 7.893004675985286767e+00 9.452026740541191074e+00 1.318058276551396375e+02
1.435530029509252472e+02 7.496185549399521364e-02 7.465357051746755346e+00 7.496185549399521364e-02 1.169813986583878176e+02 8.942116302353488422e+00 7.465357051746755346e+00 8.942116302353488422e+00 1.318597156818325971e+02
1.430304228091912648e+02 2.570712935911627084e-01 6.948707267292735246e+00 2.570712935911627084e-01 1.173321990147840381e+02 8.290599362260429928e+00 6.948707267292735246e+00 8.290599362260429928e+00 1.319266545060571616e+02
1.423596505940515726e+02 4.455122405317847867e-01 6.379573486617892364e+00 4.455122405317847867e-01 1.177517500632998519e+02 7.545801311941525036e+00 6.379573486617892364e+00 7.545801311941525036e+00 1.319814718672054994e+02
1.392051708057203427e+02 5.458249924185849089e+00 1.256850822622988240e+01 5.458249924185849089e+00 1.576330989119679202e+02 -1.933904264218603686e+01 1.256850822622988240e+01 -1.933904264218603686e+01 1.244090249754494550e+02
1.387775396437267545e+02 4.945375544451452221e+00 1.271658601285794887e+01 4.945375544451452221e+00 1.574940098303202376e+02 -1.923406147729319216e+01 1.271658601285794887e+01 -1.923406147729319216e+01 1.248284713003877471e+02
1.383452779367432584e+02 4.411713538786811384e+00 1.266844694686544059e+01 4.411713538786811384e+00 1.571645037034783456e+02 -1.883629301218564578e+01 1.266844694686544059e+01 -1.883629301218564578e+01 1.253684845270141324e+02
1.379064856333105809e+02 3.875925601419493383e+00 1.241477014644343946e+01 3.875925601419493383e+00 1.566332865192717918e+02 -1.816364157792188294e+01 1.241477014644343946e+01 -1.816364157792188294e+01 1.260080112879355596e+02
1.374361830359223120e+02 3.354241892192126429e+00 1.194897851038677850e+01 3.354241892192126429e+00 1.558678846709421180e+02 -1.723742628335782712e+01 1.194897851038677850e+01 -1.723742628335782712e+01 1.266951124142409384e+02
1.488074951629373572e+02 2.390205649243902286e+01 2.966833806491436221e+01 2.390205649243902286e+01 1.510445068152668284e+02 2.897951163578638045e+01 2.966833806491436221e+01 2.897951163578638045e+01 1.662448361038461826e+02
1.487960108811879252e+02 2.299008994211768098e+01 2.923060518360033910e+01 2.299008994211768098e+01 1.507753637168363525e+02 2.817019243862452171e+01 2.923060518360033910e+01 2.817019243862452171e+01 1.654724127958139661e+02
1.487059409237517400e+02 2.159048919907338870e+01 2.819360878375123036e+01 2.159048919907338870e+01 1.503883882000433232e+02 2.676870179370976288e+01 2.819360878375123036e+01 2.676870179370976288e+01 1.644628957008618499e+02
1.485872392822292340e+02 1.974994866805682392e+01 2.657941528058626091e+01 1.974994866805682392e+01 1.499488576071939860e+02 2.486948869939765672e+01 2.657941528058626091e+01 2.486948869939765672e+01 1.632568551514773958e+02
1.495429567316005830e+02 1.746510998685916149e+01 2.444122508250776349e+01 1.746510998685916149e+01 1.505148535847897904e+02 2.238360265232163115e+01 2.444122508250776349e+01 2.238360265232163115e+01 1.632290663504552697e+02
1.580673867093989884e+02 -2.631999448695530930e+00 -2.406829612509099192e+01 -2.631999448695530930e+00 1.493769103866832211e+02 -4.999221292901456337e+00 -2.406829612509099192e+01 -4.999221292901456337e+00 1.438933324142770687e+02
1.582698695231193824e+02 -2.452043318132208327e+00 -2.403411679915259214e+01 -2.452043318132208327e+00 1.490178295145659035e+02 -5.266011386659635640e+00 -2.403411679915259214e+01 -5.266011386659635640e+00 1.439800608042644114e+02
1.583634733682472131e+02 -2.275769053181555091e+00 -2.360570072298878586e+01 -2.275769053181555091e+00 1.486811037691433910e+02 -5.422233340504728716e+00 -2.360570072298878586e+01 -5.422233340504728716e+00 1.441344946119069448e+02
1.583544336623523066e+02 -2.110019117356721985e+00 -2.280197189404964320e+01 -2.110019117356721985e+00 1.483623386656522314e+02 -5.454947838188626719e+00 -2.280197189404964320e+01 -5.454947838188626719e+00 1.443553009754595564e+02
1.581756388370718298e+02 -1.966690291481442587e+00 -2.164696141369957871e+01 -1.966690291481442587e+00 1.480075071151380826e+02 -5.355121772141895775e+00 -2.164696141369957871e+01 -5.355121772141895775e+00 1.445592288224580670e+02
-2.055345968294530312e+00 -2.226728601111957522e-05 1.484459840671130912e-05 -2.226728601111957522e-05 -2.080938055752063143e+00 7.422298921619796739e-06 1.484459840671130912e-05 7.422298921619796739e-06 -6.260115546569894329e-01
-1.962945759680080338e+00 2.151279169658880386e-01 8.758314586629935283e-03 2.151279169658880386e-01 -2.062463959708500827e+00 1.049290429082795906e-01 8.758314586629935283e-03 1.049290429082795906e-01 -5.964040033595726653e-01
-1.728260076880876239e+00 4.150178537987448957e-01 3.268780860653017206e-02 4.150178537987449512e-01 -1.926257354131690747e+00 2.083290919619281700e-01 3.268780860653017206e-02 2.083290919619281700e-01 -3.376700773940039535e-01
-1.437142654132845365e+00 5.995658982031146778e-01 7.214475237142550790e-02 5.995658982031146778e-01 -1.739653336880814916e+00 3.070827815137929240e-01 7.214475237142550790e-02 3.070827815137929240e-01 3.562703590564072218e-04
-1.136977449414751318e+00 7.613868627754262208e-01 1.213397523840313574e-01 7.613868627754263319e-01 -1.533721651960988419e+00 3.904797339826420743e-01 1.213397523840313574e-01 3.904797339826420743e-01 3.429399097883799596e-01
2.788840712779560693e+00 4.371843280873938808e-01 4.373405053791985075e+00 4.371843280873938808e-01 -5.319809551736920383e+00 1.425410713546331642e+01 4.373405053791985075e+00 1.425410713546331642e+01 -2.369045866785871013e+01
2.719958307236280515e+00 3.962793283104449893e-01 4.355231696200180025e+00 3.962793283104449893e-01 -4.990604260327807573e+00 1.405698748089332462e+01 4.355231696200180025e+00 1.405698748089332462e+01 -2.357982685899905917e+01
2.671887086270786860e+00 3.231450146792797518e-01 4.311472164104123372e+00 3.231450146792797518e-01 -4.590618523561139419e+00 1.380841151860245830e+01 4.311472164104123372e+00 1.380841151860245830e+01 -2.334548619531526015e+01
2.611986743155693347e+00 2.347068209708051412e-01 4.246311112212454830e+00 2.347068209708051412e-01 -4.186814289372837727e+00 1.351050146633581228e+01 4.246311112212454830e+00 1.351050146633581228e+01 -2.298341641924794132e+01
2.557937444035001118e+00 1.362179833639022841e-01 4.155250036713386663e+00 1.362179833639022841e-01 -3.755944306336872707e+00 1.317668558214950281e+01 4.155250036713386663e+00 1.317668558214950281e+01 -2.249270587387843534e+01
1.879649961762518195e+00 7.234136026529806029e-01 -5.720936369843061087e+00 7.234136026529806029e-01 9.920357310994461386e+00 -1.485229821076197076e+01 -5.720936369843061087e+00 -1.485229821076197076e+01 3.202619013614982180e+01
1.754993904128971716e+00 5.265801577232469555e-01 -5.715065551931139076e+00 5.265801577232469555e-01 1.001388046516242092e+01 -1.475297744090044283e+01 -5.715065551931139076e+00 -1.475297744090044283e+01 3.179137206011664318e+01
1.769605066912256275e+00 3.156186846513590605e-01 -5.672147091310699274e+00 3.156186846513590605e-01 1.022297528166630443e+01 -1.455270349170811350e+01 -5.672147091310699274e+00 -1.455270349170811350e+01 3.155893305617994571e+01
1.893536422584107148e+00 1.018242857292050441e-01 -5.600386956659124671e+00 1.018242857292050441e-01 1.048905070493626468e+01 -1.425734718109690036e+01 -5.600386956659124671e+00 -1.425734718109690036e+01 3.129838440039564773e+01
2.132344019517525613e+00 -1.189096834928257962e-01 -5.508459610851263122e+00 -1.189096834928257962e-01 1.081945623769495590e+01 -1.386897281162436535e+01 -5.508459610851263122e+00 -1.386897281162436535e+01 3.102583790102327654e+01
1.368054765933956674e+01 -1.007959271986821115e+01 -5.596416019028620958e+00 -1.007959271986821115e+01 6.604774856574099573e+00 -1.992981873878868981e+01 -5.596416019028620958e+00 -1.992981873878868981e+01 3.250025347955723731e+01
1.370257124543375227e+01 -9.833666327485811820e+00 -5.467378988065509482e+00 -9.833666327485811820e+00 6.808480244769304690e+00 -1.982548610854549054e+01 -5.467378988065509482e+00 -1.982548610854549054e+01 3.222776729976573051e+01
1.380742250738928689e+01 -9.526534088375989029e+00 -5.316011574784013760e+00 -9.526534088375989029e+00 7.112522607621137638e+00 -1.958970590557762392e+01 -5.316011574784013760e+00 -1.958970590557762392e+01 3.197791099384480162e+01
1.397686167921041900e+01 -9.164054349486518092e+00 -5.140268471022818808e+00 -9.164054349486518092e+00 7.482139011059205203e+00 -1.922155043654049678e+01 -5.140268471022818808e+00 -1.922155043654049678e+01 3.169961029513754625e+01
1.418803974686643876e+01 -8.779317274998710730e+00 -4.953466093846500939e+00 -8.779317274998710730e+00 7.895875633405690763e+00 -1.871769607567196658e+01 -4.953466093846500939e+00 -1.871769607567196658e+01 3.141918393687692657e+01
2.462975331557371561e+01 -1.153629769259723759e+01 -1.693480490791191784e+01 -1.153629769259723759e+01 -7.926562863343604270e+00 -1.838999681689679022e+01 -1.693480490791191784e+01 -1.838999681689679022e+01 -8.244052012711348354e+00
2.477891266975049334e+01 -1.130847291483020456e+01 -1.698240533500158023e+01 -1.130847291483020456e+01 -7.987219915124009084e+00 -1.846193408184538498e+01 -1.698240533500158023e+01 -1.846193408184538498e+01 -8.169953447076981234e+00
2.482651309684015573e+01 -1.106523036539037186e+01 -1.693635926799414904e+01 -1.106523036539037186e+01 -7.970284791942365388e+00 -1.841568816854166712e+01 -1.693635926799414904e+01 -1.841568816854166712e+01 -8.010579726645540077e+00
2.471585746241464321e+01 -1.081674000024434079e+01 -1.679984944420086279e+01 -1.081674000024434079e+01 -7.931847687623189813e+00 -1.825492292575089337e+01 -1.679984944420086279e+01 -1.825492292575089337e+01 -7.820022582278669532e+00
2.452468597572956099e+01 -1.055711745622366315e+01 -1.657702822555567579e+01 -1.055711745622366315e+01 -7.792651041402045564e+00 -1.797029738955032485e+01 -1.657702822555567579e+01 -1.797029738955032485e+01 -7.540866913224619772e+00
-9.246955927617020166e+01 -8.111316133390689424e-06 1.622109335920848927e-05 -8.111316133390687730e-06 -9.252018530854377332e+01 -2.465407838665556711e-13 1.622109335920848927e-05 -2.465407838665556711e-13 -9.063724890195378237e+01
-9.233055261231375255e+01 1.419345691128041653e-01 -6.129951177412436281e-02 1.419345691128041376e-01 -9.218450600688301222e+01 1.995195414860265887e-03 -6.129951177412436281e-02 1.995195414860265887e-03 -9.069178421782744692e+01
-9.200321094367787111e+01 2.948102657169806018e-01 -1.282115213742180682e-01 2.948102657169805463e-01 -9.170976327218612312e+01 3.532954328501443364e-02 -1.282115213742180682e-01 3.532954328501443364e-02 -9.059652584707548328e+01
-9.160160910977816684e+01 4.432576036221914095e-01 -1.926984774750749030e-01 4.432576036221913540e-01 -9.117470240169838291e+01 7.142958753605581357e-02 -1.926984774750749030e-01 7.142958753605581357e-02 -9.040207549043198298e+01
-9.106937070033401938e+01 5.974958720899903319e-01 -2.526759693673951701e-01 5.974958720899903319e-01 -9.049365169115380070e+01 1.242860211586212099e-01 -2.526759693673951701e-01 1.242860211586212099e-01 -9.004244574011164559e+01
-1.193395739478054054e+02 -1.498370673824560573e+00 3.166098121914502794e+00 -1.498370673824560573e+00 -1.151427037276564107e+02 1.512574924690689393e+01 3.166098121914502794e+00 1.512574924690689393e+01 -1.087580607628595430e+02
-1.193764898439709299e+02 -1.365122026284590673e+00 3.281709082091829099e+00 -1.365122026284590673e+00 -1.148852834293778500e+02 1.515278870435094660e+01 3.281709082091829099e+00 1.515278870435094660e+01 -1.088029960607862989e+02
-1.192779169897161609e+02 -1.234613132825031157e+00 3.389350605627961421e+00 -1.234613132825031157e+00 -1.144952223925193948e+02 1.517490659747426207e+01 3.389350605627961421e+00 1.517490659747426207e+01 -1.087055640767716937e+02
-1.191079273239306957e+02 -1.106161136805780210e+00 3.487565376522680616e+00 -1.106161136805780210e+00 -1.140556875593335064e+02 1.517900373731487385e+01 3.487565376522680616e+00 1.517900373731487385e+01 -1.085552023756291504e+02
-1.187780159640412450e+02 -9.782670846266127151e-01 3.572422805335398799e+00 -9.782670846266127151e-01 -1.134927305522091388e+02 1.516406416643263633e+01 3.572422805335398799e+00 1.516406416643263633e+01 -1.082703928640664799e+02
-1.093180493927070813e+02 3.575765788356374486e+00 1.286555384021401238e+01 3.575765788356374486e+00 -1.111811259096465534e+02 -1.391841132586495178e+01 1.286555384021401238e+01 -1.391841132586495178e+01 -6.731667086036081571e+01
-1.091692439692204886e+02 3.532722290790033526e+00 1.312252653756214649e+01 3.532722290790033526e+00 -1.111561510596663140e+02 -1.388122220057605638e+01 1.312252653756214649e+01 -1.388122220057605638e+01 -6.734013727180162334e+01
-1.088733861724418261e+02 3.501371230334913154e+00 1.335574744320526897e+01 3.501371230334913154e+00 -1.109887714578398743e+02 -1.382390153607683736e+01 1.335574744320526897e+01 -1.382390153607683736e+01 -6.729684100885839371e+01
-1.085447748750524255e+02 3.482381212181473451e+00 1.357398180811587807e+01 3.482381212181473451e+00 -1.107750134862165936e+02 -1.374689778706821564e+01 1.357398180811587807e+01 -1.374689778706821564e+01 -6.730171693451565318e+01
-1.080774524618079937e+02 3.471194305824015558e+00 1.375218955253905406e+01 3.471194305824015558e+00 -1.104235473065240143e+02 -1.365392905070689444e+01 1.375218955253905406e+01 -1.365392905070689444e+01 -6.725311259865792124e+01
-9.710223541246870127e+01 2.062151099840833890e+00 8.329313276086828921e+00 2.062151099840833890e+00 -1.254286766219006211e+02 -5.039899108200939004e+00 8.329313276086828921e+00 -5.039899108200939004e+00 -1.055738792683888647e+02
-9.706671688783785612e+01 2.158687355464588897e+00 8.384117540506760946e+00 2.158687355464588897e+00 -1.252841866349094460e+02 -5.153561696455922991e+00 8.384117540506760946e+00 -5.153561696455922991e+00 -1.054431730834090928e+02
-9.693850932723228198e+01 2.266500515134897142e+00 8.422118142330544899e+00 2.266500515134897142e+00 -1.249935602163890422e+02 -5.263426706605721428e+00 8.422118142330544899e+00 -5.263426706605721428e+00 -1.051695819880228839e+02
-9.675952674084997795e+01 2.377416271296369565e+00 8.441734825745346171e+00 2.377416271296369565e+00 -1.245834879697541879e+02 -5.366416362931098583e+00 8.441734825745346171e+00 -5.366416362931098583e+00 -1.048025324127321483e+02
-9.654203059002402654e+01 2.493577483925570881e+00 8.435562727125590854e+00 2.493577483925570881e+00 -1.240427840004552991e+02 -5.468653122507953768e+00 8.435562727125590854e+00 -5.468653122507953768e+00 -1.043737866720157825e+02
-1.020547712807457685e+02 2.864036641533242111e+00 -1.259583706853497453e+01 2.864036641533242111e+00 -9.891779803553032480e+01 -1.293591518612074109e+00 -1.259583706853497453e+01 -1.293591518612074109e+00 -1.180770768029337603e+02
-1.018030029730830393e+02 2.763456311751631311e+00 -1.263565853385557602e+01 2.763456311751631311e+00 -9.884326782149686608e+01 -1.178316251741767351e+00 -1.263565853385557602e+01 -1.178316251741767351e+00 -1.179999242600595579e+02
-1.014530705065517111e+02 2.644206320034662383e+00 -1.266388567732056458e+01 2.644206320034662383e+00 -9.866949318105349676e+01 -1.055858442669297181e+00 -1.266388567732056458e+01 -1.055858442669297181e+00 -1.177905750076068330e+02
-1.010703259442426400e+02 2.508339999342540150e+00 -1.270128272541104586e+01 2.508339999342540150e+00 -9.848117203722938484e+01 -9.307783047560833634e-01 -1.270128272541104586e+01 -9.307783047560833634e-01 -1.175089632783257088e+02
-1.006328258363281094e+02 2.375904146567868747e+00 -1.272551040507804387e+01 2.375904146567868747e+00 -9.822726793343535689e+01 -7.978476729548567015e-01 -1.272551040507804387e+01 -7.978476729548567015e-01 -1.170888546531946020e+02
